0.89383
0.89383,0.3529,0.54746,0.78301
0.11675,0.52541,0.18677,0.47896
0.54915,0.69295,0.11423,0.6376
0.9089,0.06683,0.99093,0.48444
0.18265,0.68598,0.71449,0.71911
0.11056,0.3117,0.69902,0.64873
0.52061,0.21557,0.80517,0.82131
0.72855,0.50533,0.65896,0.71178
0.15303,0.60358,0.33064,0.49156
0.34199,0.8132,0.60636,0.97306
0.42445,0.76166,0.33572,0.48249
0.5429,0.64389,0.3479,0.90567
0.89692,0.40202,0.33913,0.70498
0.02078,0.7668,0.87398,0.14879
0.81178,0.53577,0.81135,0.50905
0.01106,0.73474,0.13515,0.01096
0.68513,0.29175,0.89039,0.56778
0.61789,0.52512,0.70068,0.05406
0.21872,0.73174,0.15507,0.00673
0.1573,0.90064,0.64419,0.30115
0.99004,0.46135,0.36497,0.90277
0.96691,0.66222,0.97519,0.45617
0.47329,0.28011,0.05335,0.63803
0.93198,0.60737,0.576,0.39201
0.54414,0.80621,0.39572,0.34752
0.77478
0.64584
0.25627
